Attacker 
#  1 prob=0.04167369 11  1  5  6  2 11 (36) 
#  2 prob=0.04167369  7 12  8  4  4  1 (36)
#  3 prob=0.03819337  3 11  4  1  9  8 (36)
#  4 prob=0.03575705  9  0  6  9  7  5 (36)
#  5 prob=0.03072001  2  7  9  0  9  9 (36)
#  6 prob=0.03032104 10  9  6  5  6  0 (36)
#  7 prob=0.02974018  4  5  7 10  5  5 (36)
#  8 prob=0.02867062  5 10  2  2 11  6 (36)
#  9 prob=0.02710876 11  4  3 10  6  2 (36)
# 10 prob=0.02667087  9  6  2 11  0  8 (36)
# 11 prob=0.02662156 12  4  4 12  1  3 (36)
# 12 prob=0.02638504  5 11  0  8  1 11 (36)
# 13 prob=0.02378213  0 12  5  7  3  9 (36)
# 14 prob=0.02289228  0  3  8  5  8 12 (36)
# 15 prob=0.02277660  6  3  3  0 12 12 (36)
# 16 prob=0.02210027  1  1 11  3 10 10 (36)
# 17 prob=0.02144791  7  5 10 11  3  0 (36)
# 18 prob=0.01842452  1  8  1  8 11  7 (36)
# 19 prob=0.01796994 10  2  9  4 10  1 (36)
# 20 prob=0.01709774  9  9  1  3 12  2 (36)
# 21 prob=0.01639996  0  8  7  2  7 12 (36)
# 22 prob=0.01592884  8  0 11  7  0 10 (36)
# 23 prob=0.01533494  1  8  1 12  5  9 (36)
# 24 prob=0.01521251  4 11 12  3  0  6 (36)
# 25 prob=0.01500677  7  7  9  6  1  6 (36)
# 26 prob=0.01436064 12  0  3  5 12  4 (36)
# 27 prob=0.01411733  1  3 11  9  5  7 (36)
# 28 prob=0.01371409  8 10 12  4  2  0 (36)
# 29 prob=0.01367289  6  2  0 11 10  7 (36)
# 30 prob=0.01309410  2  7 10  8  4  5 (36)
# 31 prob=0.01301943 12 10  0  6  5  3 (36)
# 32 prob=0.01267476  3  9  7  7  8  2 (36)
# 33 prob=0.01244345  5  2  0  7 12 10 (36)
# 34 prob=0.01228687  8  7  7  2 11  1 (36)
# 35 prob=0.01208808  4 10 10  1  7  4 (36)
# 36 prob=0.01200530 10  6 11  1  1  7 (36)
# 37 prob=0.01195741  3  5  1 10  7 10 (36)
# 38 prob=0.01137812  4  3 12  3 10  4 (36)
# 39 prob=0.01003014  3  8  2  0 11 12 (36)
# 40 prob=0.00997141  8  5 11  0  8  4 (36)
# 41 prob=0.00981477  6  7  7  9  3  4 (36)
# 42 prob=0.00979072 12  3  9  1  8  3 (36)
# 43 prob=0.00968599 12  6  3 12  0  3 (36)
# 44 prob=0.00962381  8  6 12  3  4  3 (36)
# 45 prob=0.00908416  2  2 12  7  9  4 (36)
# 46 prob=0.00904020  2  2 10  8  3 11 (36)
# 47 prob=0.00892769  6  2  8 12  2  6 (36)
# 48 prob=0.00871165  5  6  4  9  5  7 (36)
# 49 prob=0.00808540  3  8 10  2  3 10 (36)
# 50 prob=0.00805070  0 12 12  5  6  1 (36)
# 51 prob=0.00799919 10  9  0 11  6  0 (36)
# 52 prob=0.00744303  6  9 10  1  3  7 (36)
# 53 prob=0.00743507 11  0  5  9  8  3 (36)
# 54 prob=0.00693865  6  1  3  7 10  9 (36)
# 55 prob=0.00678743  1  6 11  2 12  4 (36)
# 56 prob=0.00655647  8  4  1  8  8  7 (36)
# 57 prob=0.00603333  2  4  6 11 11  2 (36)
# 58 prob=0.00551351  2  5  9  3 11  6 (36)
# 59 prob=0.00540582  8  9  1 12  4  2 (36)
# 60 prob=0.00520240 10  8  2 12  2  2 (36)
# 61 prob=0.00504660  4  1 12 11  0  8 (36)
# 62 prob=0.00472508  5 10  1 10  7  3 (36)
# 63 prob=0.00416214  1  4  5  9  8  9 (36)
# 64 prob=0.00295484  6  4  2  5  9 10 (36)
# 65 prob=0.00232830  0  2 10 12  4  8 (36)
# 66 prob=0.00139859  7  5  1  1 10 12 (36)
# 67 prob=0.00137874  9  1 12  5  4  5 (36)
# 68 prob=0.00126171  7 10  6  2  3  8 (36)
# 69 prob=0.00096157  6 11  9  5  0  5 (36)
# 70 prob=0.00090440 11  5  9  9  1  1 (36)
# 71 prob=0.00014979  7 11  6  4  2  6 (36)
# 72 prob=0.00002985 13  4  9  7  3  0 (36)
# 73 prob=0.00001789  0 13  5 11  3  4 (36)
# 74 prob=0.00000766  1  5  5  7 17  1 (36)
# 75 prob=0.00000442  3  7 13  1  1 11 (36)
# 76 prob=0.00000395  0  6  0 18  2 10 (36)
# 77 prob=0.00000342  0  0  3  7 20  6 (36)
Defender:
#  1 prob=0.04544682  1 11  6  5  2 11 (36)
#  2 prob=0.04160816 12  7  4  8  4  1 (36)
#  3 prob=0.03819510 11  3  1  4  9  8 (36)
#  4 prob=0.03565172  0  9  9  6  7  5 (36)
#  5 prob=0.03070931  7  2  0  9  9  9 (36)
#  6 prob=0.03029755  9 10  5  6  6  0 (36)
#  7 prob=0.02975046  5  4 10  7  5  5 (36)
#  8 prob=0.02859053 10  5  2  2 11  6 (36)
#  9 prob=0.02708519  4 11 10  3  6  2 (36)
# 10 prob=0.02676095  6  9 11  2  0  8 (36)
# 11 prob=0.02656249  4 12 12  4  1  3 (36)
# 12 prob=0.02641684 11  5  8  0  1 11 (36)
# 13 prob=0.02378744 12  0  7  5  3  9 (36)
# 14 prob=0.02281670  3  0  5  8  8 12 (36)
# 15 prob=0.02277471  3  6  0  3 12 12 (36)
# 16 prob=0.02214364  1  1  3 11 10 10 (36)
# 17 prob=0.02153649  5  7 11 10  3  0 (36)
# 18 prob=0.01841854  8  1  8  1 11  7 (36)
# 19 prob=0.01805992  2 10  4  9 10  1 (36)
# 20 prob=0.01708507  9  9  3  1 12  2 (36)
# 21 prob=0.01652403  8  0  2  7  7 12 (36)
# 22 prob=0.01592095  0  8  7 11  0 10 (36)
# 23 prob=0.01528136  8  1 12  1  5  9 (36)
# 24 prob=0.01520249 11  4  3 12  0  6 (36)
# 25 prob=0.01499961  7  7  6  9  1  6 (36)
# 26 prob=0.01438105  0 12  5  3 12  4 (36)
# 27 prob=0.01413047  3  1  9 11  5  7 (36)
# 28 prob=0.01369391 10  8  4 12  2  0 (36)
# 29 prob=0.01355903  2  6 11  0 10  7 (36)
# 30 prob=0.01311031  7  2  8 10  4  5 (36)
# 31 prob=0.01306963 10 12  6  0  5  3 (36)
# 32 prob=0.01261316  9  3  7  7  8  2 (36)
# 33 prob=0.01247864  2  5  7  0 12 10 (36)
# 34 prob=0.01222077  7  8  2  7 11  1 (36)
# 35 prob=0.01210419 10  4  1 10  7  4 (36)
# 36 prob=0.01202396  6 10  1 11  1  7 (36)
# 37 prob=0.01192806  5  3 10  1  7 10 (36)
# 38 prob=0.01141503  3  4  3 12 10  4 (36)
# 39 prob=0.01006685  8  3  0  2 11 12 (36)
# 40 prob=0.00995594  5  8  0 11  8  4 (36)
# 41 prob=0.00981876  7  6  9  7  3  4 (36)
# 42 prob=0.00979516  3 12  1  9  8  3 (36)
# 43 prob=0.00968390  6 12 12  3  0  3 (36)
# 44 prob=0.00953648  6  8  3 12  4  3 (36)
# 45 prob=0.00909397  2  2  7 12  9  4 (36)
# 46 prob=0.00906128  2  6 12  8  2  6 (36)
# 47 prob=0.00897256  2  2  8 10  3 11 (36)
# 48 prob=0.00873827  6  5  9  4  5  7 (36)
# 49 prob=0.00810801 12  0  5 12  6  1 (36)
# 50 prob=0.00808932  8  3  2 10  3 10 (36)
# 51 prob=0.00797579  9 10 11  0  6  0 (36)
# 52 prob=0.00751089  0 11  9  5  8  3 (36)
# 53 prob=0.00741411  9  6  1 10  3  7 (36)
# 54 prob=0.00697386  1  6  7  3 10  9 (36)
# 55 prob=0.00676586  6  1  2 11 12  4 (36)
# 56 prob=0.00662223  4  8  8  1  8  7 (36)
# 57 prob=0.00608839  4  2 11  6 11  2 (36)
# 58 prob=0.00552572  5  2  3  9 11  6 (36)
# 59 prob=0.00552390  9  8 12  1  4  2 (36)
# 60 prob=0.00513211  8 10 12  2  2  2 (36)
# 61 prob=0.00498367  1  4 11 12  0  8 (36)
# 62 prob=0.00472659 10  5 10  1  7  3 (36)
# 63 prob=0.00417036  4  1  9  5  8  9 (36)
# 64 prob=0.00294579  4  6  5  2  9 10 (36)
# 65 prob=0.00225287  2  0 12 10  4  8 (36)
# 66 prob=0.00141770  1  9  5 12  4  5 (36)
# 67 prob=0.00133068  5  7  1  1 10 12 (36)
# 68 prob=0.00131444 10  7  2  6  3  8 (36)
# 69 prob=0.00094644 11  6  5  9  0  5 (36)
# 70 prob=0.00088699  5 11  9  9  1  1 (36)
# 71 prob=0.00014307 11  7  4  6  2  6 (36)
# 72 prob=0.00004189  7  3  1 13  1 11 (36)
# 73 prob=0.00001241  4 13  7  9  3  0 (36)
# 74 prob=0.00000795  0  0  7  3 20  6 (36)
# 75 prob=0.00000703 12  4  2  3 14  1 (36)
# 76 prob=0.00000308  2  9  7  0 13  5 (36)
# 77 prob=0.00000138  5  1  7  5 17  1 (36)


